2011 01 02 07 12
2011 01 02 07 16
2011 01 02 10 38
2011 01 02 14 24
2011 01 02 15 36
2011 01 02 16 07
2011 01 02 19 46
2011 01 03 00 31
2011 01 03 05 13
2011 01 03 07 33
2011 01 03 12 28
2011 01 03 13 54
2011 01 03 13 59
2011 01 03 17 20
2011 01 03 19 39
2011 01 03 22 44
2011 01 03 23 50
2011 01 03 23 52
2011 01 04 01 40
2011 01 05 00 24
2011 01 05 08 10
2011 01 06 01 44
2011 01 06 02 47
2011 01 06 05 26
2011 01 06 13 25
2011 01 07 00 24
2011 01 07 00 54
2011 01 07 15 36
2011 01 07 15 49
2011 01 08 02 58
2011 01 08 09 53
2011 01 08 22 40
2011 01 09 02 05
2011 01 09 10 19
2011 01 10 06 08
2011 01 10 17 27
2011 01 11 18 16
2011 01 12 04 51
2011 01 12 12 55
2011 01 12 13 09
2011 01 12 18 25
2011 01 13 18 22
2011 01 13 18 47
2011 01 13 19 17
2011 01 14 16 14
2011 01 15 04 07
2011 01 15 09 24
2011 01 15 20 23
2011 01 16 03 40
2011 01 16 12 07
2011 01 16 15 13
2011 01 18 06 03
2011 01 18 12 54
2011 01 18 16 13
2011 01 19 13 06
2011 01 19 14 20
2011 01 19 17 42
2011 01 20 04 34
2011 01 20 05 59
2011 01 21 00 31
2011 01 21 14 22
2011 01 23 06 19
2011 01 23 12 32
2011 01 23 19 36
2011 01 23 21 35
2011 01 24 04 58
2011 01 24 06 15
2011 01 24 16 01
2011 01 25 03 31
2011 01 25 11 25
2011 01 25 19 08
2011 01 25 21 03
2011 01 25 22 31
2011 01 27 00 48
2011 01 27 05 10
2011 01 27 11 53
2011 01 27 18 27
2011 01 28 16 43
2011 01 28 21 16
2011 01 28 23 15
2011 02 01 11 06
2011 02 01 14 35
2011 02 01 15 54
2011 02 01 20 28
2011 02 01 22 25
2011 02 02 14 27
2011 02 03 15 35
2011 02 03 23 08
2011 02 04 06 06
2011 02 04 14 24
2011 02 04 21 22
2011 02 05 07 13
2011 02 05 16 35
2011 02 05 23 01
2011 02 06 09 49
2011 02 06 15 51
2011 02 06 16 10
2011 02 07 09 20
2011 02 07 13 48
2011 02 07 13 53
2011 02 08 02 40
2011 02 08 13 12
2011 02 09 20 45
2011 02 10 00 24
2011 02 10 05 59
2011 02 10 10 21
2011 02 11 01 16
2011 02 11 09 41
2011 02 11 10 05
2011 02 11 19 44
2011 02 11 21 38
2011 02 12 06 37
2011 02 12 19 54
2011 02 14 04 08
2011 02 14 09 00
2011 02 14 23 06
2011 02 15 00 37
2011 02 15 07 03
2011 02 15 15 31
2011 02 15 22 46
2011 02 16 01 14
2011 02 16 18 20
2011 02 16 21 45
2011 02 17 04 08
2011 02 17 09 09
2011 02 17 16 25
2011 02 17 17 56
2011 02 18 03 45
2011 02 19 22 14
2011 02 20 09 28
2011 02 20 09 50
2011 02 21 07 24
2011 02 21 12 42
2011 02 21 23 42
2011 02 22 09 12
2011 02 22 16 05
2011 02 23 21 41
2011 02 23 21 52
2011 02 24 05 20
2011 02 24 09 43
2011 02 24 13 41
2011 02 24 23 25
2011 02 25 04 24
2011 02 25 06 45
2011 02 26 15 45
2011 02 27 18 14
2011 02 28 02 04
2011 02 28 06 03
2011 02 28 15 16
2011 03 01 09 10
2011 03 01 16 21
2011 03 03 04 19
2011 03 03 08 46
2011 03 04 01 41
2011 03 04 02 11
2011 03 04 02 16
2011 03 06 08 11
2011 03 06 11 08
2011 03 06 16 33
2011 03 07 00 36
2011 03 07 23 47
2011 03 08 02 48
2011 03 08 10 20
2011 03 08 12 30
2011 03 09 01 32
2011 03 09 09 10
2011 03 09 13 29
2011 03 09 17 06
2011 03 11 01 07
2011 03 11 08 38
2011 03 11 12 18
2011 03 11 20 12
2011 03 12 03 08
2011 03 12 07 01
2011 03 13 14 26
2011 03 14 02 17
2011 03 14 02 55
2011 03 14 05 01
2011 03 15 03 33
2011 03 15 10 49
2011 03 15 20 31
2011 03 15 20 38
2011 03 16 01 37
2011 03 17 10 59
2011 03 17 11 06
2011 03 17 16 46
2011 03 18 04 33
2011 03 19 01 50
2011 03 19 17 04
2011 03 19 20 16
2011 03 19 23 49
2011 03 20 02 15
2011 03 20 06 37
2011 03 20 08 54
2011 03 20 14 53
2011 03 20 15 17
2011 03 21 16 10
2011 03 21 16 21
2011 03 22 06 21
2011 03 22 08 18
2011 03 22 09 12
2011 03 24 18 32
2011 03 24 20 45
2011 03 25 13 42
2011 03 25 14 17
2011 03 25 17 37
2011 03 26 07 17
2011 03 26 21 00
2011 03 26 22 18
2011 03 27 01 15
2011 03 27 17 20
2011 03 27 21 12
2011 03 28 19 16
2011 03 28 23 44
2011 04 01 05 44
2011 04 01 17 36
2011 04 01 22 38
2011 04 02 00 33
2011 04 02 08 12
2011 04 02 11 46
2011 04 02 12 18
2011 04 03 12 16
2011 04 03 20 25
2011 04 03 22 54
2011 04 04 03 11
2011 04 04 14 51
2011 04 05 01 57
2011 04 05 02 59
2011 04 05 08 28
2011 04 05 10 41
2011 04 05 18 01
2011 04 05 18 17
2011 04 07 06 54
2011 04 07 10 33
2011 04 07 15 14
2011 04 08 05 18
2011 04 08 05 19
2011 04 08 20 49
2011 04 09 01 22
2011 04 09 11 37
2011 04 11 07 53
2011 04 11 08 16
2011 04 11 15 28
2011 04 11 18 38
2011 04 11 18 42
2011 04 12 00 01
2011 04 12 13 38
2011 04 12 15 27
2011 04 13 05 03
2011 04 13 21 17
2011 04 14 07 57
2011 04 14 17 43
2011 04 14 22 57
2011 04 15 01 31
2011 04 16 01 06
2011 04 16 09 23
2011 04 17 12 42
2011 04 17 12 53
2011 04 17 17 26
2011 04 18 07 33
2011 04 18 10 40
2011 04 18 11 01
2011 04 18 17 06
2011 04 18 19 18
2011 04 18 21 16
2011 04 18 23 30
2011 04 19 02 30
2011 04 19 06 30
2011 04 19 09 11
2011 04 19 10 02
2011 04 19 19 57
2011 04 21 03 29
2011 04 21 03 57
2011 04 22 21 48
2011 04 22 23 27
2011 04 23 21 30
2011 04 24 06 32
2011 04 24 23 11
2011 04 25 00 02
2011 04 25 09 12
2011 04 26 05 08
2011 04 26 08 48
2011 04 26 10 23
2011 04 26 15 47
2011 04 26 15 50
2011 04 27 00 25
2011 04 27 07 59
2011 04 27 19 49
2011 04 27 21 31
2011 04 27 22 15
2011 04 28 00 26
2011 04 28 01 46
2011 04 28 04 09
2011 04 28 07 54
2011 04 28 15 12
2011 05 01 16 10
2011 05 01 20 46
2011 05 02 06 55
2011 05 02 16 39
2011 05 02 19 48
2011 05 03 20 13
2011 05 04 02 20
2011 05 04 09 01
2011 05 04 14 51
2011 05 04 22 10
2011 05 05 03 10
2011 05 05 05 14
2011 05 07 01 30
2011 05 07 05 40
2011 05 07 10 57
2011 05 08 07 37
2011 05 08 12 46
2011 05 08 15 03
2011 05 08 16 10
2011 05 08 19 32
2011 05 08 22 01
2011 05 08 23 20
2011 05 09 05 30
2011 05 09 21 57
2011 05 10 01 20
2011 05 10 02 36
2011 05 10 06 58
2011 05 11 00 01
2011 05 11 02 14
2011 05 11 03 52
2011 05 11 09 58
2011 05 11 19 41
2011 05 11 20 39
2011 05 13 08 00
2011 05 13 13 49
2011 05 13 19 41
2011 05 14 01 21
2011 05 14 01 34
2011 05 14 02 11
2011 05 14 13 30
2011 05 14 13 42
2011 05 15 15 49
2011 05 16 23 08
2011 05 17 03 22
2011 05 17 13 58
2011 05 17 14 30
2011 05 17 21 20
2011 05 17 22 28
2011 05 18 08 56
2011 05 18 09 33
2011 05 18 15 18
2011 05 19 08 48
2011 05 19 22 21
2011 05 20 01 36
2011 05 20 10 55
2011 05 20 22 19
2011 05 21 15 44
2011 05 21 16 22
2011 05 22 00 14
2011 05 22 16 25
2011 05 22 20 45
2011 05 23 01 33
2011 05 24 05 45
2011 05 25 05 06
2011 05 25 08 45
2011 05 25 18 13
2011 05 25 18 40
2011 05 26 07 04
2011 05 27 06 43
2011 05 27 13 05
2011 05 28 14 45
2011 05 28 20 36
2011 06 01 18 23
2011 06 01 21 50
2011 06 02 02 08
2011 06 02 18 45
2011 06 03 16 15
2011 06 03 16 31
2011 06 03 17 27
2011 06 03 21 37
2011 06 04 04 19
2011 06 04 14 00
2011 06 04 21 43
2011 06 05 01 11
2011 06 05 11 43
2011 06 05 16 28
2011 06 05 22 51
2011 06 06 05 17
2011 06 06 05 56
2011 06 06 17 01
2011 06 07 02 19
2011 06 07 02 40
2011 06 07 10 15
2011 06 07 11 06
2011 06 07 20 20
2011 06 07 21 20
2011 06 08 08 17
2011 06 08 12 09
2011 06 09 00 30
2011 06 09 02 57
2011 06 09 22 08
2011 06 10 02 14
2011 06 10 11 53
2011 06 10 15 08
2011 06 10 16 52
2011 06 11 04 51
2011 06 11 12 05
2011 06 11 23 05
2011 06 12 17 28
2011 06 13 08 27
2011 06 13 12 04
2011 06 13 21 01
2011 06 14 01 19
2011 06 14 11 00
2011 06 15 00 22
2011 06 18 01 13
2011 06 18 02 28
2011 06 19 10 32
2011 06 19 12 07
2011 06 19 12 38
2011 06 19 13 43
2011 06 20 12 06
2011 06 21 04 13
2011 06 21 22 41
2011 06 22 06 46
2011 06 23 16 37
2011 06 23 17 31
2011 06 23 21 07
2011 06 24 00 49
2011 06 24 03 35
2011 06 25 14 53
2011 06 25 14 58
2011 06 25 16 10
2011 06 25 23 15
2011 06 26 03 20
2011 06 26 04 29
2011 06 26 09 17
2011 06 26 14 04
2011 06 27 04 05
2011 06 27 04 56
2011 06 27 16 19
2011 06 27 18 32
2011 06 28 01 47
2011 06 28 18 19
2011 07 01 01 36
2011 07 01 07 31
2011 07 01 09 20
2011 07 01 09 23
2011 07 01 13 27
2011 07 01 23 34
2011 07 02 16 38
2011 07 02 19 06
2011 07 02 21 33
2011 07 02 22 30
2011 07 03 10 32
2011 07 03 17 52
2011 07 04 17 11
2011 07 04 21 06
2011 07 05 09 36
2011 07 05 14 18
2011 07 05 20 12
2011 07 05 20 28
2011 07 05 22 39
2011 07 06 03 47
2011 07 06 12 46
2011 07 07 14 53
2011 07 07 17 38
2011 07 08 02 45
2011 07 08 03 15
2011 07 08 11 36
2011 07 09 00 11
2011 07 09 00 40
2011 07 09 01 11
2011 07 10 03 34
2011 07 10 06 14
2011 07 10 13 04
2011 07 10 13 39
2011 07 10 18 12
2011 07 11 06 25
2011 07 12 00 01
2011 07 12 01 29
2011 07 12 05 14
2011 07 12 08 48
2011 07 12 20 29
2011 07 12 22 27
2011 07 13 11 24
2011 07 13 15 30
2011 07 13 17 25
2011 07 13 17 33
2011 07 13 19 00
2011 07 13 22 23
2011 07 13 23 01
2011 07 15 02 49
2011 07 15 03 25
2011 07 15 08 08
2011 07 15 14 20
2011 07 15 14 51
2011 07 15 20 35
2011 07 15 23 08
2011 07 16 02 29
2011 07 16 06 16
2011 07 16 10 34
2011 07 16 13 43
2011 07 16 16 47
2011 07 17 00 50
2011 07 17 04 22
2011 07 17 09 19
2011 07 17 10 23
2011 07 17 16 11
2011 07 17 19 54
2011 07 18 12 38
2011 07 18 15 00
2011 07 19 03 59
2011 07 19 11 16
2011 07 19 12 19
2011 07 19 22 38
2011 07 20 13 13
2011 07 20 16 37
2011 07 20 16 48
2011 07 20 19 39
2011 07 21 10 53
2011 07 22 23 40
2011 07 23 05 06
2011 07 23 13 45
2011 07 24 00 16
2011 07 24 09 25
2011 07 25 01 07
2011 07 25 03 18
2011 07 25 10 32
2011 07 25 20 59
2011 07 25 22 54
2011 07 26 04 12
2011 07 27 04 38
2011 07 27 19 34
2011 07 28 06 05
2011 07 28 07 29
2011 07 28 08 10
2011 07 28 17 20
2011 07 28 20 15
2011 08 01 04 46
2011 08 01 18 43
2011 08 02 16 32
2011 08 02 21 35
2011 08 03 07 42
2011 08 04 11 11
2011 08 05 08 09
2011 08 05 10 04
2011 08 05 14 10
2011 08 05 23 00
2011 08 06 08 32
2011 08 06 10 24
2011 08 06 16 02
2011 08 07 04 39
2011 08 07 05 37
2011 08 07 07 54
2011 08 07 16 25
2011 08 07 22 03
2011 08 08 02 51
2011 08 08 03 48
2011 08 08 03 56
2011 08 08 04 23
2011 08 09 01 17
2011 08 09 08 24
2011 08 09 13 16
2011 08 10 07 07
2011 08 10 19 35
2011 08 11 02 45
2011 08 11 09 55
2011 08 11 15 15
2011 08 12 15 40
2011 08 12 15 55
2011 08 12 19 25
2011 08 13 05 07
2011 08 13 23 52
2011 08 14 04 38
2011 08 14 13 54
2011 08 14 16 30
2011 08 14 23 04
2011 08 15 03 01
2011 08 15 16 48
2011 08 15 18 55
2011 08 16 01 20
2011 08 16 05 07
2011 08 16 15 59
2011 08 17 15 59
2011 08 17 16 01
2011 08 17 21 24
2011 08 17 22 57
2011 08 18 16 02
2011 08 18 16 04
2011 08 19 02 16
2011 08 19 08 49
2011 08 19 09 31
2011 08 20 02 38
2011 08 20 07 11
2011 08 20 08 03
2011 08 20 08 08
2011 08 20 13 41
2011 08 20 19 02
2011 08 20 19 08
2011 08 21 06 42
2011 08 21 08 59
2011 08 21 11 08
2011 08 22 00 55
2011 08 22 06 44
2011 08 22 09 08
2011 08 22 13 23
2011 08 22 13 39
2011 08 22 13 50
2011 08 23 03 44
2011 08 23 04 53
2011 08 23 05 32
2011 08 23 15 13
2011 08 23 15 46
2011 08 23 22 17
2011 08 24 11 17
2011 08 24 13 40
2011 08 24 20 04
2011 08 25 09 19
2011 08 25 10 19
2011 08 25 14 03
2011 08 25 17 42
2011 08 26 03 41
2011 08 26 16 45
2011 08 26 18 25
2011 08 27 03 21
2011 08 27 16 51
2011 08 27 20 26
2011 08 28 05 37
2011 08 28 14 13
2011 08 28 21 06
2011 09 01 05 08
2011 09 01 11 07
2011 09 01 11 43
2011 09 02 09 20
2011 09 03 13 41
2011 09 03 15 25
2011 09 03 22 56
2011 09 04 02 23
2011 09 04 05 26
2011 09 04 11 33
2011 09 04 23 21
2011 09 05 02 41
2011 09 05 04 48
2011 09 06 00 54
2011 09 06 19 58
2011 09 06 20 54
2011 09 07 04 58
2011 09 07 09 05
2011 09 07 09 38
2011 09 07 11 45
2011 09 07 14 38
2011 09 08 02 50
2011 09 08 03 06
2011 09 08 04 44
2011 09 08 08 15
2011 09 08 15 40
2011 09 09 06 39
2011 09 09 12 33
2011 09 09 23 06
2011 09 10 04 42
2011 09 10 08 24
2011 09 10 11 52
2011 09 10 18 12
2011 09 10 18 15
2011 09 11 11 59
2011 09 11 14 37
2011 09 11 21 56
2011 09 12 02 49
2011 09 12 07 25
2011 09 12 07 35
2011 09 12 17 48
2011 09 12 19 16
2011 09 12 22 39
2011 09 13 02 08
2011 09 13 13 09
2011 09 13 17 35
2011 09 13 22 03
2011 09 14 21 18
2011 09 15 12 02
2011 09 15 14 10
2011 09 15 18 59
2011 09 16 00 00
2011 09 16 03 43
2011 09 16 11 05
2011 09 17 05 57
2011 09 18 04 18
2011 09 18 11 19
2011 09 18 12 42
2011 09 18 14 03
2011 09 18 22 39
2011 09 19 12 48
2011 09 20 04 31
2011 09 20 10 36
2011 09 20 12 05
2011 09 21 15 18
2011 09 21 23 43
2011 09 22 03 58
2011 09 22 06 41
2011 09 22 07 49
2011 09 22 11 36
2011 09 22 19 58
2011 09 23 08 14
2011 09 23 10 23
2011 09 23 15 34
2011 09 24 00 18
2011 09 24 04 20
2011 09 24 20 24
2011 09 25 04 14
2011 09 25 06 09
2011 09 25 06 45
2011 09 25 17 44
2011 09 25 20 04
2011 09 25 22 43
2011 09 26 05 23
2011 09 26 13 11
2011 09 26 21 22
2011 09 27 07 14
2011 09 28 03 24
2011 09 28 06 52
2011 09 28 09 32
2011 09 28 11 54
2011 10 01 06 42
2011 10 01 06 45
2011 10 01 14 52
2011 10 01 21 05
2011 10 01 23 35
2011 10 02 01 35
2011 10 03 06 40
2011 10 03 19 53
2011 10 04 01 39
2011 10 04 03 12
2011 10 04 03 19
2011 10 04 06 03
2011 10 04 08 19
2011 10 04 16 36
2011 10 04 18 09
2011 10 04 20 37
2011 10 04 21 28
2011 10 04 23 16
2011 10 05 03 53
2011 10 05 15 40
2011 10 05 21 37
2011 10 06 00 55
2011 10 06 20 25
2011 10 07 06 18
2011 10 07 08 57
2011 10 07 22 41
2011 10 08 05 31
2011 10 08 11 07
2011 10 08 13 29
2011 10 08 14 30
2011 10 08 15 18
2011 10 09 05 01
2011 10 09 10 47
2011 10 09 11 47
2011 10 09 11 57
2011 10 10 15 50
2011 10 10 17 50
2011 10 11 04 08
2011 10 11 08 53
2011 10 11 11 40
2011 10 11 14 51
2011 10 11 15 28
2011 10 11 19 41
2011 10 13 06 03
2011 10 13 10 21
2011 10 13 18 21
2011 10 13 23 19
2011 10 14 01 44
2011 10 14 11 26
2011 10 14 13 52
2011 10 15 06 51
2011 10 15 11 46
2011 10 15 21 44
2011 10 16 07 20
2011 10 16 12 18
2011 10 16 13 38
2011 10 17 05 39
2011 10 17 21 22
2011 10 17 21 33
2011 10 18 10 20
2011 10 18 10 34
2011 10 18 11 12
2011 10 18 15 50
2011 10 18 16 17
2011 10 18 16 45
2011 10 18 22 00
2011 10 19 04 31
2011 10 19 09 59
2011 10 19 22 25
2011 10 20 01 32
2011 10 20 23 01
2011 10 21 07 39
2011 10 21 10 03
2011 10 21 17 14
2011 10 21 18 18
2011 10 21 18 42
2011 10 22 04 08
2011 10 22 20 43
2011 10 23 00 34
2011 10 23 01 47
2011 10 23 10 11
2011 10 24 02 57
2011 10 24 17 30
2011 10 25 00 32
2011 10 25 08 22
2011 10 25 09 17
2011 10 25 12 53
2011 10 25 22 27
2011 10 26 21 50
2011 10 27 03 43
2011 10 27 10 22
2011 10 27 23 05
2011 10 28 01 39
2011 10 28 13 04
2011 11 01 11 47
2011 11 01 16 33
2011 11 01 17 39
2011 11 01 23 24
2011 11 02 21 18
2011 11 03 02 50
2011 11 03 07 06
2011 11 03 07 31
2011 11 03 09 01
2011 11 03 16 16
2011 11 04 07 57
2011 11 04 09 04
2011 11 04 16 14
2011 11 04 17 36
2011 11 04 19 41
2011 11 04 21 17
2011 11 04 22 38
2011 11 05 05 07
2011 11 05 08 18
2011 11 05 13 58
2011 11 05 19 00
2011 11 05 19 29
2011 11 05 23 23
2011 11 06 19 42
2011 11 07 16 04
2011 11 07 19 29
2011 11 08 02 13
2011 11 08 03 23
2011 11 08 07 05
2011 11 08 12 20
2011 11 08 20 13
2011 11 09 00 11
2011 11 09 18 35
2011 11 10 03 31
2011 11 10 19 37
2011 11 11 00 50
2011 11 11 13 41
2011 11 11 19 21
2011 11 12 00 18
2011 11 12 18 45
2011 11 12 19 18
2011 11 13 00 18
2011 11 13 02 46
2011 11 13 09 29
2011 11 13 11 06
2011 11 14 00 36
2011 11 14 11 08
2011 11 15 07 37
2011 11 15 20 33
2011 11 15 21 04
2011 11 16 12 04
2011 11 17 17 46
2011 11 18 00 18
2011 11 18 07 57
2011 11 18 11 42
2011 11 18 13 38
2011 11 19 03 05
2011 11 19 05 23
2011 11 19 12 33
2011 11 19 21 46
2011 11 19 22 31
2011 11 20 01 43
2011 11 20 08 16
2011 11 20 08 43
2011 11 20 12 57
2011 11 21 10 57
2011 11 21 12 10
2011 11 21 16 58
2011 11 22 02 20
2011 11 22 18 45
2011 11 22 19 37
2011 11 22 21 29
2011 11 23 09 25
2011 11 23 13 45
2011 11 23 21 59
2011 11 24 04 10
2011 11 25 15 42
2011 11 25 16 00
2011 11 26 12 20
2011 11 26 14 19
2011 11 26 15 17
2011 11 26 16 01
2011 11 27 03 26
2011 11 27 13 12
2011 11 27 17 21
2011 11 27 19 48
2011 11 28 00 20
2011 11 28 09 40
2011 11 28 12 18
2011 11 28 14 01
2011 11 28 16 06
2011 11 28 17 26
2011 11 28 21 31
2011 12 01 00 34
2011 12 01 07 39
2011 12 01 17 33
2011 12 02 04 52
2011 12 02 13 53
2011 12 02 21 24
2011 12 03 04 46
2011 12 03 10 42
2011 12 03 11 47
2011 12 03 13 58
2011 12 03 22 06
2011 12 04 17 10
2011 12 04 17 49
2011 12 04 21 28
2011 12 05 00 06
2011 12 05 15 21
2011 12 05 22 40
2011 12 05 23 53
2011 12 06 03 36
2011 12 07 03 54
2011 12 08 06 10
2011 12 08 21 07
2011 12 08 21 08
2011 12 08 21 47
2011 12 09 03 43
2011 12 09 04 52
2011 12 09 06 35
2011 12 09 06 51
2011 12 09 16 20
2011 12 09 18 40
2011 12 09 18 40
2011 12 09 19 22
2011 12 09 22 18
2011 12 10 18 02
2011 12 10 18 36
2011 12 10 20 34
2011 12 11 07 16
2011 12 11 12 25
2011 12 11 12 58
2011 12 11 15 30
2011 12 11 17 40
2011 12 12 11 21
2011 12 13 10 41
2011 12 13 23 19
2011 12 14 12 06
2011 12 14 23 15
2011 12 15 10 15
2011 12 15 12 29
2011 12 15 19 51
2011 12 16 06 33
2011 12 16 08 01
2011 12 16 14 10
2011 12 17 00 20
2011 12 17 01 44
2011 12 17 11 03
2011 12 17 19 21
2011 12 17 21 22
2011 12 18 01 42
2011 12 18 04 15
2011 12 18 10 35
2011 12 18 15 50
2011 12 18 18 39
2011 12 18 23 47
2011 12 19 09 32
2011 12 19 14 09
2011 12 19 16 29
2011 12 20 08 48
2011 12 20 23 15
2011 12 21 20 39
2011 12 22 04 53
2011 12 22 15 38
2011 12 22 19 51
2011 12 23 04 23
2011 12 23 10 15
2011 12 23 12 35
2011 12 23 14 03
2011 12 24 13 17
2011 12 24 16 29
2011 12 25 02 52
2011 12 25 05 08
2011 12 25 10 32
2011 12 25 10 47
2011 12 25 16 49
2011 12 25 18 32
2011 12 25 18 54
2011 12 26 00 22
2011 12 26 01 00
2011 12 26 01 22
2011 12 26 12 08
2011 12 26 16 16
2011 12 26 19 32
2011 12 27 10 18
2011 12 28 05 47
2011 12 28 07 23
2011 12 28 08 22
2011 12 28 13 00
