2011 01 01 04 38
2011 01 01 07 38
2011 01 01 09 43
2011 01 02 18 49
2011 01 03 00 20
2011 01 03 09 41
2011 01 03 13 42
2011 01 03 23 13
2011 01 03 23 22
2011 01 04 04 17
2011 01 04 06 38
2011 01 04 07 47
2011 01 04 20 25
2011 01 05 13 07
2011 01 05 19 46
2011 01 06 01 17
2011 01 06 05 44
2011 01 06 10 49
2011 01 06 10 52
2011 01 06 12 48
2011 01 06 13 09
2011 01 06 16 38
2011 01 06 17 22
2011 01 07 01 43
2011 01 07 14 36
2011 01 07 20 20
2011 01 08 03 58
2011 01 08 04 44
2011 01 08 05 40
2011 01 08 05 50
2011 01 08 06 54
2011 01 08 08 37
2011 01 08 16 58
2011 01 08 23 43
2011 01 09 05 22
2011 01 09 06 32
2011 01 09 19 55
2011 01 09 20 23
2011 01 10 10 13
2011 01 10 19 04
2011 01 11 05 16
2011 01 11 05 40
2011 01 11 10 13
2011 01 11 11 57
2011 01 11 12 03
2011 01 11 20 09
2011 01 12 00 22
2011 01 12 05 59
2011 01 12 12 04
2011 01 12 16 40
2011 01 13 02 29
2011 01 13 17 45
2011 01 14 00 52
2011 01 14 06 09
2011 01 14 09 14
2011 01 14 13 42
2011 01 14 22 19
2011 01 15 03 18
2011 01 15 05 22
2011 01 16 01 15
2011 01 16 01 32
2011 01 16 07 49
2011 01 16 15 33
2011 01 16 16 57
2011 01 18 05 51
2011 01 18 13 19
2011 01 18 13 56
2011 01 18 21 58
2011 01 19 14 45
2011 01 20 03 19
2011 01 22 01 28
2011 01 22 02 51
2011 01 22 19 04
2011 01 22 20 42
2011 01 23 00 56
2011 01 23 02 33
2011 01 23 15 45
2011 01 23 18 32
2011 01 23 19 50
2011 01 24 01 26
2011 01 24 07 57
2011 01 24 11 31
2011 01 25 00 31
2011 01 25 02 01
2011 01 25 07 04
2011 01 25 14 24
2011 01 26 05 24
2011 01 27 05 17
2011 01 27 05 21
2011 01 27 07 04
2011 01 27 21 54
2011 01 28 01 30
2011 01 28 02 32
2011 02 01 05 50
2011 02 01 15 12
2011 02 01 17 37
2011 02 02 03 51
2011 02 02 08 21
2011 02 03 02 05
2011 02 03 09 14
2011 02 03 09 25
2011 02 03 17 03
2011 02 03 21 29
2011 02 04 05 04
2011 02 04 09 09
2011 02 04 11 01
2011 02 04 18 32
2011 02 05 12 18
2011 02 06 02 10
2011 02 06 03 41
2011 02 06 20 30
2011 02 07 00 10
2011 02 07 02 01
2011 02 07 07 04
2011 02 07 13 30
2011 02 08 04 02
2011 02 08 13 57
2011 02 09 01 27
2011 02 09 08 55
2011 02 09 15 03
2011 02 09 19 57
2011 02 09 22 49
2011 02 10 04 04
2011 02 10 05 27
2011 02 10 08 08
2011 02 10 18 00
2011 02 12 03 58
2011 02 12 04 01
2011 02 12 11 18
2011 02 12 22 36
2011 02 13 01 11
2011 02 13 01 17
2011 02 13 18 35
2011 02 14 12 23
2011 02 15 03 15
2011 02 15 16 49
2011 02 16 11 05
2011 02 16 11 44
2011 02 16 17 05
2011 02 17 07 16
2011 02 17 07 38
2011 02 17 12 51
2011 02 17 17 31
2011 02 17 23 56
2011 02 18 02 13
2011 02 18 18 02
2011 02 19 02 53
2011 02 19 20 35
2011 02 19 21 47
2011 02 21 19 47
2011 02 22 09 22
2011 02 23 19 30
2011 02 24 04 33
2011 02 24 11 58
2011 02 24 12 06
2011 02 24 12 30
2011 02 25 08 20
2011 02 25 17 14
2011 02 25 22 21
2011 02 26 07 59
2011 02 26 14 08
2011 02 26 16 24
2011 02 27 02 42
2011 02 27 09 56
2011 02 27 21 30
2011 02 28 09 47
2011 02 28 14 55
2011 02 28 16 30
2011 02 28 19 04
2011 03 01 05 32
2011 03 01 16 54
2011 03 01 17 06
2011 03 02 05 21
2011 03 02 15 51
2011 03 03 06 22
2011 03 03 09 43
2011 03 03 20 02
2011 03 04 00 08
2011 03 04 00 30
2011 03 04 11 19
2011 03 05 02 16
2011 03 05 09 37
2011 03 05 14 49
2011 03 05 21 25
2011 03 06 03 23
2011 03 06 05 33
2011 03 06 17 58
2011 03 06 22 35
2011 03 07 01 33
2011 03 07 07 38
2011 03 07 12 19
2011 03 07 13 55
2011 03 07 16 59
2011 03 07 20 45
2011 03 08 05 52
2011 03 08 14 55
2011 03 08 15 30
2011 03 08 17 38
2011 03 09 08 00
2011 03 10 06 44
2011 03 10 10 33
2011 03 10 13 57
2011 03 11 03 52
2011 03 11 10 36
2011 03 11 22 31
2011 03 12 06 19
2011 03 12 06 33
2011 03 12 07 13
2011 03 12 17 55
2011 03 13 05 06
2011 03 13 14 11
2011 03 13 14 51
2011 03 13 18 10
2011 03 13 19 20
2011 03 13 19 44
2011 03 13 23 42
2011 03 14 02 12
2011 03 14 06 28
2011 03 14 22 42
2011 03 15 09 27
2011 03 15 13 30
2011 03 15 14 35
2011 03 16 09 53
2011 03 16 21 50
2011 03 17 23 41
2011 03 18 00 25
2011 03 18 08 05
2011 03 18 19 34
2011 03 19 11 49
2011 03 20 05 44
2011 03 20 16 12
2011 03 20 17 50
2011 03 20 22 34
2011 03 21 00 49
2011 03 21 04 22
2011 03 21 08 42
2011 03 21 14 22
2011 03 22 06 04
2011 03 22 07 44
2011 03 22 13 04
2011 03 22 15 55
2011 03 23 04 52
2011 03 23 13 11
2011 03 23 22 27
2011 03 24 08 33
2011 03 24 10 36
2011 03 24 10 36
2011 03 24 17 09
2011 03 25 04 38
2011 03 25 20 20
2011 03 26 08 42
2011 03 26 12 03
2011 03 26 14 46
2011 03 27 07 41
2011 03 27 16 46
2011 03 27 23 39
2011 03 28 04 32
2011 04 01 02 18
2011 04 01 02 36
2011 04 01 22 10
2011 04 01 23 11
2011 04 02 02 56
2011 04 02 19 20
2011 04 02 23 52
2011 04 03 14 30
2011 04 03 18 27
2011 04 05 03 30
2011 04 05 07 45
2011 04 06 01 12
2011 04 06 06 27
2011 04 06 12 50
2011 04 06 15 21
2011 04 06 18 55
2011 04 07 08 33
2011 04 07 13 44
2011 04 07 15 29
2011 04 07 22 27
2011 04 08 04 31
2011 04 08 21 05
2011 04 09 00 28
2011 04 09 00 52
2011 04 09 04 20
2011 04 09 04 28
2011 04 09 06 31
2011 04 09 13 35
2011 04 10 11 06
2011 04 11 02 41
2011 04 11 11 45
2011 04 11 15 49
2011 04 11 20 57
2011 04 12 13 34
2011 04 12 14 12
2011 04 12 23 59
2011 04 13 09 39
2011 04 13 17 06
2011 04 14 02 56
2011 04 14 07 34
2011 04 14 22 56
2011 04 15 05 09
2011 04 15 20 51
2011 04 15 22 50
2011 04 16 13 09
2011 04 16 13 13
2011 04 16 16 00
2011 04 19 04 19
2011 04 21 00 49
2011 04 22 07 49
2011 04 22 15 27
2011 04 22 17 41
2011 04 22 21 58
2011 04 23 09 55
2011 04 23 11 38
2011 04 23 15 21
2011 04 23 15 55
2011 04 23 20 35
2011 04 24 09 54
2011 04 24 21 48
2011 04 25 01 40
2011 04 25 05 24
2011 04 25 09 12
2011 04 25 15 58
2011 04 25 18 08
2011 04 25 20 06
2011 04 26 06 14
2011 04 26 14 18
2011 04 27 00 00
2011 04 27 01 04
2011 04 27 04 19
2011 04 27 08 30
2011 04 27 09 31
2011 04 27 11 42
2011 04 27 17 40
2011 04 27 21 53
2011 04 27 23 28
2011 04 28 01 17
2011 04 28 08 19
2011 05 01 12 15
2011 05 01 17 53
2011 05 01 18 38
2011 05 01 19 07
2011 05 02 22 58
2011 05 03 20 48
2011 05 03 21 18
2011 05 03 22 13
2011 05 04 15 47
2011 05 04 21 03
2011 05 05 00 40
2011 05 05 08 18
2011 05 05 23 45
2011 05 06 07 00
2011 05 06 07 53
2011 05 06 09 17
2011 05 06 22 30
2011 05 08 00 28
2011 05 08 09 48
2011 05 08 13 02
2011 05 09 22 18
2011 05 10 00 59
2011 05 10 03 33
2011 05 10 13 00
2011 05 10 17 21
2011 05 11 00 47
2011 05 11 09 46
2011 05 11 15 18
2011 05 11 20 57
2011 05 13 10 09
2011 05 13 18 07
2011 05 14 06 05
2011 05 14 11 08
2011 05 15 04 51
2011 05 15 20 50
2011 05 16 02 45
2011 05 16 03 04
2011 05 16 15 32
2011 05 16 20 25
2011 05 17 02 59
2011 05 17 14 27
2011 05 18 14 57
2011 05 18 20 57
2011 05 18 23 41
2011 05 19 04 56
2011 05 19 16 19
2011 05 20 14 09
2011 05 20 14 40
2011 05 20 22 00
2011 05 22 05 24
2011 05 22 18 35
2011 05 22 18 44
2011 05 22 19 13
2011 05 23 01 24
2011 05 23 20 49
2011 05 23 22 11
2011 05 23 23 21
2011 05 24 22 25
2011 05 25 09 20
2011 05 25 20 01
2011 05 25 21 33
2011 05 26 08 09
2011 05 27 00 37
2011 05 27 09 33
2011 05 27 10 11
2011 05 28 19 50
2011 06 01 03 25
2011 06 01 09 59
2011 06 01 16 51
2011 06 03 22 11
2011 06 03 22 59
2011 06 04 01 35
2011 06 04 12 47
2011 06 04 20 07
2011 06 05 01 27
2011 06 05 02 59
2011 06 05 12 07
2011 06 05 14 55
2011 06 05 17 41
2011 06 06 00 07
2011 06 06 00 13
2011 06 06 04 41
2011 06 06 17 38
2011 06 07 06 24
2011 06 07 09 58
2011 06 07 16 52
2011 06 07 21 20
2011 06 08 04 11
2011 06 08 12 33
2011 06 09 12 11
2011 06 09 15 03
2011 06 09 15 56
2011 06 10 02 34
2011 06 10 02 47
2011 06 10 09 05
2011 06 10 17 31
2011 06 10 21 31
2011 06 11 05 17
2011 06 11 10 58
2011 06 12 02 30
2011 06 12 10 42
2011 06 12 16 03
2011 06 12 16 54
2011 06 12 22 16
2011 06 13 08 55
2011 06 13 15 34
2011 06 13 18 28
2011 06 13 18 47
2011 06 13 20 30
2011 06 14 05 31
2011 06 14 08 57
2011 06 14 14 29
2011 06 14 17 24
2011 06 14 19 50
2011 06 14 23 42
2011 06 15 11 45
2011 06 16 02 38
2011 06 16 07 24
2011 06 16 07 28
2011 06 16 11 31
2011 06 17 16 14
2011 06 18 05 17
2011 06 18 09 41
2011 06 18 13 54
2011 06 18 14 19
2011 06 18 19 18
2011 06 19 05 38
2011 06 19 12 45
2011 06 19 18 29
2011 06 19 22 59
2011 06 20 05 02
2011 06 20 10 55
2011 06 20 11 26
2011 06 20 20 23
2011 06 21 01 09
2011 06 21 06 14
2011 06 21 07 26
2011 06 21 17 09
2011 06 21 17 21
2011 06 21 18 23
2011 06 21 22 12
2011 06 22 03 08
2011 06 22 11 02
2011 06 22 16 03
2011 06 23 00 56
2011 06 23 10 32
2011 06 23 20 53
2011 06 24 00 33
2011 06 25 03 16
2011 06 25 12 39
2011 06 25 22 56
2011 06 26 12 30
2011 06 27 01 48
2011 06 27 09 57
2011 06 27 16 28
2011 06 28 14 18
2011 06 28 17 11
2011 06 28 18 08
2011 07 01 18 57
2011 07 01 23 11
2011 07 02 02 15
2011 07 02 08 04
2011 07 02 12 58
2011 07 02 17 23
2011 07 04 03 13
2011 07 04 10 05
2011 07 04 22 08
2011 07 04 23 36
2011 07 05 10 29
2011 07 05 20 43
2011 07 06 17 15
2011 07 06 21 40
2011 07 07 09 58
2011 07 07 15 18
2011 07 07 16 47
2011 07 07 23 26
2011 07 08 05 44
2011 07 08 20 14
2011 07 09 00 12
2011 07 09 08 31
2011 07 09 11 16
2011 07 09 12 06
2011 07 09 13 02
2011 07 09 18 17
2011 07 09 18 58
2011 07 10 06 43
2011 07 10 21 08
2011 07 11 13 57
2011 07 11 20 26
2011 07 12 09 46
2011 07 12 17 21
2011 07 13 01 18
2011 07 13 09 12
2011 07 16 07 04
2011 07 16 09 01
2011 07 17 02 41
2011 07 17 03 31
2011 07 17 07 04
2011 07 18 04 43
2011 07 18 15 22
2011 07 19 08 37
2011 07 19 10 28
2011 07 19 17 08
2011 07 20 06 32
2011 07 20 17 48
2011 07 21 00 59
2011 07 21 11 43
2011 07 21 15 14
2011 07 21 21 36
2011 07 22 03 32
2011 07 22 05 34
2011 07 22 16 10
2011 07 23 01 42
2011 07 23 09 50
2011 07 23 11 51
2011 07 23 12 08
2011 07 23 16 09
2011 07 23 21 21
2011 07 24 08 05
2011 07 24 22 45
2011 07 25 15 43
2011 07 25 18 48
2011 07 26 01 55
2011 07 26 10 46
2011 07 26 11 59
2011 07 26 12 11
2011 07 27 01 53
2011 07 27 02 16
2011 07 27 03 55
2011 07 27 08 56
2011 07 27 14 38
2011 07 27 19 05
2011 07 28 01 10
2011 07 28 04 57
2011 07 28 05 33
2011 07 28 06 49
2011 07 28 08 14
2011 07 28 08 23
2011 07 28 15 46
2011 08 01 03 22
2011 08 01 04 57
2011 08 01 10 21
2011 08 02 03 54
2011 08 02 08 46
2011 08 02 15 14
2011 08 02 16 01
2011 08 03 17 14
2011 08 03 17 29
2011 08 04 18 31
2011 08 04 21 08
2011 08 05 04 59
2011 08 05 14 47
2011 08 05 19 58
2011 08 06 00 29
2011 08 06 20 40
2011 08 06 23 51
2011 08 07 10 41
2011 08 07 15 57
2011 08 08 01 30
2011 08 08 06 13
2011 08 08 17 47
2011 08 08 18 56
2011 08 08 20 21
2011 08 08 22 14
2011 08 08 22 32
2011 08 09 07 07
2011 08 10 11 49
2011 08 10 16 33
2011 08 11 14 36
2011 08 12 11 58
2011 08 13 02 08
2011 08 13 21 30
2011 08 14 12 00
2011 08 14 16 10
2011 08 14 18 54
2011 08 14 20 54
2011 08 14 22 08
2011 08 15 06 59
2011 08 15 18 04
2011 08 15 23 44
2011 08 16 01 57
2011 08 16 13 52
2011 08 16 21 47
2011 08 17 08 39
2011 08 17 21 02
2011 08 18 10 34
2011 08 18 22 01
2011 08 18 22 20
2011 08 19 12 50
2011 08 20 14 32
2011 08 20 22 37
2011 08 21 02 39
2011 08 21 16 22
2011 08 22 05 06
2011 08 22 09 17
2011 08 23 00 10
2011 08 23 05 31
2011 08 23 07 49
2011 08 23 07 50
2011 08 24 16 52
2011 08 24 17 03
2011 08 24 18 11
2011 08 24 19 17
2011 08 25 21 58
2011 08 26 10 59
2011 08 26 22 45
2011 08 27 23 54
2011 08 28 05 09
2011 08 28 07 51
2011 08 28 14 22
2011 09 01 07 15
2011 09 01 08 54
2011 09 01 14 01
2011 09 01 16 58
2011 09 02 14 03
2011 09 02 21 11
2011 09 03 04 39
2011 09 03 05 49
2011 09 03 11 50
2011 09 04 04 47
2011 09 04 05 12
2011 09 04 10 29
2011 09 05 05 22
2011 09 05 09 13
2011 09 05 12 18
2011 09 05 19 05
2011 09 06 00 50
2011 09 06 02 53
2011 09 07 03 28
2011 09 07 09 11
2011 09 08 06 37
2011 09 08 12 14
2011 09 08 12 50
2011 09 08 13 53
2011 09 09 17 30
2011 09 10 06 42
2011 09 10 09 04
2011 09 10 21 26
2011 09 11 10 29
2011 09 11 15 26
2011 09 11 17 04
2011 09 11 22 24
2011 09 12 03 30
2011 09 13 07 17
2011 09 14 04 02
2011 09 14 04 36
2011 09 14 16 39
2011 09 14 17 58
2011 09 15 06 51
2011 09 15 18 09
2011 09 15 20 17
2011 09 15 23 32
2011 09 16 02 16
2011 09 16 05 12
2011 09 16 17 01
2011 09 16 19 18
2011 09 16 20 18
2011 09 17 02 24
2011 09 17 12 22
2011 09 17 16 53
2011 09 18 00 42
2011 09 18 06 21
2011 09 18 12 56
2011 09 18 19 42
2011 09 19 10 07
2011 09 19 22 52
2011 09 20 08 40
2011 09 21 20 06
2011 09 22 05 02
2011 09 22 07 19
2011 09 22 10 22
2011 09 22 12 06
2011 09 22 15 12
2011 09 22 19 56
2011 09 23 12 32
2011 09 23 15 08
2011 09 23 18 32
2011 09 23 18 55
2011 09 23 18 56
2011 09 23 19 28
2011 09 23 21 49
2011 09 24 03 09
2011 09 24 11 32
2011 09 25 14 02
2011 09 25 17 01
2011 09 25 17 16
2011 09 25 20 28
2011 09 25 21 15
2011 09 26 04 21
2011 09 26 15 45
2011 09 27 08 07
2011 09 27 08 21
2011 09 27 12 52
2011 09 27 13 47
2011 09 27 16 09
2011 09 28 00 01
2011 09 28 10 59
2011 10 01 12 56
2011 10 01 16 03
2011 10 01 20 08
2011 10 02 04 20
2011 10 02 09 50
2011 10 02 10 20
2011 10 02 20 43
2011 10 03 04 04
2011 10 03 14 43
2011 10 03 15 06
2011 10 03 17 59
2011 10 03 18 04
2011 10 03 20 45
2011 10 04 00 56
2011 10 04 02 43
2011 10 04 11 32
2011 10 04 14 02
2011 10 04 18 46
2011 10 04 23 33
2011 10 05 00 46
2011 10 05 10 40
2011 10 05 11 44
2011 10 05 13 20
2011 10 05 22 01
2011 10 06 02 27
2011 10 06 06 09
2011 10 06 21 45
2011 10 07 13 54
2011 10 07 16 05
2011 10 07 18 37
2011 10 07 20 16
2011 10 08 11 10
2011 10 08 11 53
2011 10 09 12 38
2011 10 09 23 34
2011 10 10 00 12
2011 10 10 03 37
2011 10 10 12 52
2011 10 10 17 12
2011 10 11 12 03
2011 10 11 21 02
2011 10 12 02 11
2011 10 12 05 20
2011 10 12 18 35
2011 10 14 00 30
2011 10 14 03 20
2011 10 14 06 49
2011 10 14 11 33
2011 10 14 13 37
2011 10 14 14 35
2011 10 15 07 00
2011 10 15 13 36
2011 10 15 18 55
2011 10 16 02 52
2011 10 16 16 59
2011 10 16 22 42
2011 10 17 07 56
2011 10 18 00 38
2011 10 18 02 18
2011 10 19 03 43
2011 10 19 03 47
2011 10 19 14 47
2011 10 20 02 42
2011 10 21 05 37
2011 10 21 07 55
2011 10 22 03 20
2011 10 22 05 10
2011 10 22 19 38
2011 10 23 04 48
2011 10 23 05 54
2011 10 23 05 56
2011 10 23 12 21
2011 10 24 07 12
2011 10 24 10 23
2011 10 25 10 20
2011 10 25 16 39
2011 10 25 17 36
2011 10 25 19 35
2011 10 26 04 21
2011 10 26 04 58
2011 10 27 00 49
2011 10 27 06 30
2011 10 27 18 26
2011 10 28 00 22
2011 10 28 09 04
2011 10 28 10 05
2011 10 28 19 46
2011 10 28 20 45
2011 11 01 08 25
2011 11 01 23 05
2011 11 02 02 59
2011 11 02 03 42
2011 11 02 08 20
2011 11 03 09 39
2011 11 04 02 55
2011 11 04 09 09
2011 11 05 07 40
2011 11 05 22 47
2011 11 06 00 35
2011 11 06 02 16
2011 11 06 05 11
2011 11 06 09 48
2011 11 06 20 48
2011 11 07 09 37
2011 11 07 20 28
2011 11 08 08 08
2011 11 08 12 31
2011 11 09 02 24
2011 11 09 23 27
2011 11 10 21 26
2011 11 12 06 10
2011 11 12 10 40
2011 11 13 00 25
2011 11 13 01 33
2011 11 13 12 53
2011 11 13 18 01
2011 11 13 21 04
2011 11 13 23 42
2011 11 14 04 25
2011 11 14 06 53
2011 11 14 10 25
2011 11 14 21 32
2011 11 14 22 51
2011 11 15 03 47
2011 11 15 05 50
2011 11 15 13 42
2011 11 16 06 07
2011 11 17 01 19
2011 11 17 10 27
2011 11 17 11 35
2011 11 17 16 59
2011 11 17 18 43
2011 11 18 07 29
2011 11 18 14 01
2011 11 19 05 31
2011 11 19 23 26
2011 11 20 11 20
2011 11 20 17 24
2011 11 20 18 36
2011 11 21 20 25
2011 11 22 17 39
2011 11 22 22 16
2011 11 23 04 33
2011 11 23 05 35
2011 11 23 19 07
2011 11 23 22 58
2011 11 24 01 27
2011 11 24 03 25
2011 11 24 14 54
2011 11 24 17 07
2011 11 25 13 02
2011 11 26 11 43
2011 11 27 00 06
2011 11 27 01 08
2011 11 27 03 29
2011 11 27 05 29
2011 11 27 07 09
2011 11 27 07 12
2011 11 27 15 09
2011 11 27 15 10
2011 11 27 16 44
2011 11 28 12 38
2011 11 28 13 56
2011 11 28 17 00
2011 11 28 19 48
2011 11 28 21 36
2011 11 28 22 45
2011 12 01 10 18
2011 12 01 13 44
2011 12 01 14 31
2011 12 02 10 45
2011 12 02 21 05
2011 12 03 07 45
2011 12 03 13 04
2011 12 03 14 47
2011 12 03 21 40
2011 12 04 01 41
2011 12 04 16 58
2011 12 04 22 42
2011 12 05 07 22
2011 12 06 06 20
2011 12 06 06 56
2011 12 06 07 08
2011 12 07 05 41
2011 12 07 06 06
2011 12 07 18 11
2011 12 07 18 43
2011 12 08 02 15
2011 12 08 04 53
2011 12 08 15 30
2011 12 08 17 12
2011 12 08 21 33
2011 12 09 08 35
2011 12 09 11 27
2011 12 10 05 13
2011 12 10 08 04
2011 12 10 09 44
2011 12 10 23 03
2011 12 10 23 50
2011 12 11 08 45
2011 12 11 13 16
2011 12 12 08 14
2011 12 12 16 01
2011 12 12 19 53
2011 12 13 00 19
2011 12 13 06 55
2011 12 13 10 09
2011 12 13 23 48
2011 12 14 13 48
2011 12 14 17 34
2011 12 15 13 01
2011 12 15 13 09
2011 12 15 18 54
2011 12 15 19 19
2011 12 15 20 44
2011 12 16 11 36
2011 12 16 16 02
2011 12 16 20 10
2011 12 16 23 18
2011 12 17 12 29
2011 12 18 06 29
2011 12 19 01 14
2011 12 19 03 24
2011 12 19 16 53
2011 12 19 17 03
2011 12 19 21 58
2011 12 20 16 38
2011 12 20 17 20
2011 12 20 17 57
2011 12 20 23 36
2011 12 21 01 28
2011 12 21 05 48
2011 12 21 06 37
2011 12 21 11 56
2011 12 21 14 35
2011 12 21 14 45
2011 12 21 17 48
2011 12 22 03 08
2011 12 22 03 31
2011 12 22 06 20
2011 12 22 11 29
2011 12 22 14 27
2011 12 22 16 02
2011 12 22 18 32
2011 12 23 04 17
2011 12 23 05 52
2011 12 23 07 46
2011 12 23 19 43
2011 12 23 20 44
2011 12 24 07 29
2011 12 24 09 41
2011 12 24 12 09
2011 12 25 00 29
2011 12 25 02 54
2011 12 25 03 40
2011 12 25 10 28
2011 12 26 01 05
2011 12 26 04 08
2011 12 26 04 10
2011 12 27 00 03
2011 12 27 01 03
2011 12 27 02 36
2011 12 27 10 47
2011 12 27 21 34
2011 12 27 23 10
2011 12 28 19 29
2011 12 28 22 27
